555.489
237.620
346.866
312.999
386.627
278.690
275.093
1050.536
337.182
363.958
388.579
176.892
309.003
349.757
349.631
313.326
211.300
294.296
287.067
452.633
281.576
341.982
234.305
279.569
295.262
349.099
244.020
230.406
280.128
391.811
316.427
253.224
410.808
361.976
259.477
370.129
308.942
219.515
494.498
312.303
250.684
243.813
257.357
421.474
331.643
263.184
210.978
744.092
260.135
259.327
484.041
338.418
211.974
339.935
442.274
276.658
259.104
491.629
260.563
207.577
428.630
400.086
233.219
212.971
461.611
292.422
264.907
676.172
379.865
242.245
320.651
270.151
323.770
263.601
445.753
553.148
286.551
491.472
421.208
262.185
455.212
246.304
238.550
266.291
362.169
241.858
422.612
335.423
403.731
236.561
266.165
456.430
306.372
315.106
275.362
481.426
288.811
590.126
383.640
206.473