38.082
25.723
25.648
26.186
29.815
27.802
25.630
25.683
25.982
29.537
26.659
24.845
25.279
25.491
24.817
25.373
27.830
26.877
26.868
32.859
29.675
27.845
25.309
28.998
36.716
29.319
30.327
28.405
24.972
24.621
27.568
25.258
24.488
28.123
26.411
26.568
25.298
26.090
25.303
23.882
24.179
24.145
23.875
24.601
24.217
24.444
24.592
25.689
25.442
31.649
30.032
25.898
24.104
24.997
23.732
23.269
22.218
24.991
24.074
24.437
24.245
24.311
24.068
25.178
24.107
33.371
29.639
31.023
25.862
25.211
25.056
26.921
35.062
35.435
32.909
32.081
30.246
27.999
25.445
29.428
26.467
24.667
24.740
32.570
32.383
30.932
29.246
27.976
27.321
28.762
28.393
27.713
32.436
30.193
35.537
31.993
29.830
29.819
29.809
31.833
